cam0:
  T_cam_imu:
  - [0.9999013693534549, 0.01207948033539902, 0.007165034536764127, 0.004886181300583574]
  - [-0.012086192162739299, 0.9999265594974586, 0.0008941871063417843, 0.01010298157978574]
  - [-0.007153707017459796, -0.0009806968963533482, 0.9999739310149571, -0.045121323469590364]
  - [0.0, 0.0, 0.0, 1.0]
  cam_overlaps: [1]
  camera_model: pinhole
  distortion_coeffs: [-0.0027638661296366445, 0.001283211267397933, 0.001034063512626761, -8.257593835913656e-05]
  distortion_model: radtan
  intrinsics: [378.0717896872688, 377.34606254414973, 311.1104772359558, 186.4457379362351]
  resolution: [640, 360]
  rostopic: /mo_camera/left/image_raw
  timeshift_cam_imu: 0.00261921491829227
cam1:
  T_cam_imu:
  - [0.9999145020008333, 0.011653668134914008, 0.005931332685577375, -0.05487283808894453]
  - [-0.0116610413191369, 0.9999312756120502, 0.0012100281862957145, 0.010024854909167746]
  - [-0.00591682379145185, -0.0012790902468309158, 0.9999816773943219, -0.04524547354670369]
  - [0.0, 0.0, 0.0, 1.0]
  T_cn_cnm1:
  - [0.9999991482456226, -0.0004270428126112436, -0.0012333460442399081, -0.059810351027844294]
  - [0.00042742889115928383, 0.999999859734465, 0.00031278681664524016, -6.610039344232042e-05]
  - [0.0012332122978820379, -0.0003133137179598052, 0.9999991905106433, -0.000127046898492737]
  - [0.0, 0.0, 0.0, 1.0]
  cam_overlaps: [0]
  camera_model: pinhole
  distortion_coeffs: [-0.005305309897790635, 0.0034451759920835433, 0.0009314718802899235, 0.0005073188142804918]
  distortion_model: radtan
  intrinsics: [378.2647206467651, 377.4223950898505, 311.7205920577625, 186.53559040181662]
  resolution: [640, 360]
  rostopic: /mo_camera/right/image_raw
  timeshift_cam_imu: 0.0026417267397333176
