%YAML:1.0
---
type: IMU
name: myMono
Gyr:
   unit: " rad/s"
   avg-axis:
      gyr_n: 1.3981083139249075e-03
      gyr_w: 1.8359230204599288e-05
   x-axis:
      gyr_n: 1.6245572618755844e-03
      gyr_w: 1.7564769168583240e-05
   y-axis:
      gyr_n: 1.2447565583636056e-03
      gyr_w: 2.1026609551726099e-05
   z-axis:
      gyr_n: 1.3250111215355324e-03
      gyr_w: 1.6486311893488522e-05
Acc:
   unit: " m/s^2"
   avg-axis:
      acc_n: 5.6804832879871576e-03
      acc_w: 2.1934569796217939e-04
   x-axis:
      acc_n: 4.7915169125295389e-03
      acc_w: 1.4960404173930175e-04
   y-axis:
      acc_n: 7.0989058060843555e-03
      acc_w: 3.8741189003380327e-04
   z-axis:
      acc_n: 5.1510271453475767e-03
      acc_w: 1.2102116211343312e-04
