image_width: 640
image_height: 360
camera_name: narrow_stereo/left
camera_matrix:
  rows: 3
  cols: 3
  data: [732.82619,   0.     , 453.85992,
           0.     , 705.50382, 323.09465,
           0.     ,   0.     ,   1.     ]
distortion_model: plumb_bob
distortion_coefficients:
  rows: 1
  cols: 5
  data: [0.198570, -0.456837, -0.007790, -0.098853, 0.000000]
rectification_matrix:
  rows: 3
  cols: 3
  data: [ 0.9712912 ,  0.02013721, -0.23703985,
         -0.02110571,  0.99977605, -0.00154864,
          0.23695558,  0.00650708,  0.97149869]
projection_matrix:
  rows: 3
  cols: 4
  data: [917.97852,   0.     , 618.84834,   0.     ,
           0.     , 917.97852, 317.56336,   0.     ,
           0.     ,   0.     ,   1.     ,   0.     ]
