# oST version 5.0 parameters


[image]

width
640

height
360

[narrow_stereo/left]

camera matrix
732.826191 0.000000 453.859918
0.000000 705.503816 323.094646
0.000000 0.000000 1.000000

distortion
0.198570 -0.456837 -0.007790 -0.098853 0.000000

rectification
0.971291 0.020137 -0.237040
-0.021106 0.999776 -0.001549
0.236956 0.006507 0.971499

projection
917.978515 0.000000 618.848340 0.000000
0.000000 917.978515 317.563359 0.000000
0.000000 0.000000 1.000000 0.000000
# oST version 5.0 parameters


[image]

width
640

height
360

[narrow_stereo/right]

camera matrix
741.153424 0.000000 435.159515
0.000000 715.718940 319.196285
0.000000 0.000000 1.000000

distortion
0.014763 0.276258 -0.012802 -0.101190 0.000000

rectification
0.966296 0.013067 -0.257103
-0.012015 0.999912 0.005663
0.257154 -0.002383 0.966367

projection
917.978515 0.000000 618.848340 -55.765363
0.000000 917.978515 317.563359 0.000000
0.000000 0.000000 1.000000 0.000000
