image_width: 640
image_height: 360
camera_name: narrow_stereo/left
camera_matrix:
  rows: 3
  cols: 3
  data: [673.92982,   0.     , 507.39786,
           0.     , 669.40974, 342.69549,
           0.     ,   0.     ,   1.     ]
distortion_model: plumb_bob
distortion_coefficients:
  rows: 1
  cols: 5
  data: [-0.007869, 0.131069, -0.004328, -0.062251, 0.000000]
rectification_matrix:
  rows: 3
  cols: 3
  data: [ 0.99339409,  0.00899623, -0.11439954,
         -0.00950427,  0.99994724, -0.00389625,
          0.11435845,  0.00495779,  0.99342718]
projection_matrix:
  rows: 3
  cols: 4
  data: [1109.44556,    0.     ,  567.35588,    0.     ,
            0.     , 1109.44556,  337.21957,    0.     ,
            0.     ,    0.     ,    1.     ,    0.     ]
