# oST version 5.0 parameters


[image]

width
640

height
360

[narrow_stereo/left]

camera matrix
673.929818 0.000000 507.397864
0.000000 669.409742 342.695492
0.000000 0.000000 1.000000

distortion
-0.007869 0.131069 -0.004328 -0.062251 0.000000

rectification
0.993394 0.008996 -0.114400
-0.009504 0.999947 -0.003896
0.114358 0.004958 0.993427

projection
1109.445558 0.000000 567.355881 0.000000
0.000000 1109.445558 337.219569 0.000000
0.000000 0.000000 1.000000 0.000000
# oST version 5.0 parameters


[image]

width
640

height
360

[narrow_stereo/right]

camera matrix
669.745649 0.000000 500.982982
0.000000 666.629425 337.776839
0.000000 0.000000 1.000000

distortion
0.087393 -0.128593 0.000803 -0.052988 0.000000

rectification
0.993265 0.002345 -0.115839
-0.001831 0.999988 0.004548
0.115848 -0.004306 0.993258

projection
1109.445558 0.000000 567.355881 -65.881125
0.000000 1109.445558 337.219569 0.000000
0.000000 0.000000 1.000000 0.000000
