image_width: 640
image_height: 360
camera_name: narrow_stereo/right
camera_matrix:
  rows: 3
  cols: 3
  data: [669.74565,   0.     , 500.98298,
           0.     , 666.62943, 337.77684,
           0.     ,   0.     ,   1.     ]
distortion_model: plumb_bob
distortion_coefficients:
  rows: 1
  cols: 5
  data: [0.087393, -0.128593, 0.000803, -0.052988, 0.000000]
rectification_matrix:
  rows: 3
  cols: 3
  data: [ 0.99326526,  0.00234536, -0.11583874,
         -0.0018308 ,  0.99998798,  0.00454823,
          0.11584801, -0.00430552,  0.99325762]
projection_matrix:
  rows: 3
  cols: 4
  data: [1109.44556,    0.     ,  567.35588,  -65.88112,
            0.     , 1109.44556,  337.21957,    0.     ,
            0.     ,    0.     ,    1.     ,    0.     ]
