image_width: 640
image_height: 360
camera_name: narrow_stereo/right
camera_matrix:
  rows: 3
  cols: 3
  data: [675.47579,   0.     , 490.86731,
           0.     , 671.84103, 342.56014,
           0.     ,   0.     ,   1.     ]
distortion_model: plumb_bob
distortion_coefficients:
  rows: 1
  cols: 5
  data: [-0.043781, -0.011071, -0.004024, -0.068025, 0.000000]
rectification_matrix:
  rows: 3
  cols: 3
  data: [ 0.99216566,  0.0028791 , -0.12489605,
         -0.00347242,  0.9999837 , -0.00453312,
          0.12488096,  0.0049313 ,  0.99215948]
projection_matrix:
  rows: 3
  cols: 4
  data: [1068.44356,    0.     ,  564.80055,  -64.08319,
            0.     , 1068.44356,  351.23697,    0.     ,
            0.     ,    0.     ,    1.     ,    0.     ]
