cam0:
  T_cam_imu:
  - [0.9998819644685005, 0.013485257448307083, 0.007362401929170368, 0.007170677148834433]
  - [-0.013484905024988628, 0.9999090697800347, -9.750945834544816e-05, 0.008833992287374139]
  - [-0.007363047404492903, -1.7833420059493242e-06, 0.9999728923974592, -0.04835254409127181]
  - [0.0, 0.0, 0.0, 1.0]
  cam_overlaps: [1]
  camera_model: pinhole
  distortion_coeffs: [-0.0046748421060495374, -0.00278727870518264, 0.0005858090180016349, 0.0006570075987057167]
  distortion_model: radtan
  intrinsics: [375.5551795878936, 374.8480790710856, 311.72578876379225, 186.62565239297726]
  resolution: [640, 360]
  rostopic: /mo_camera/left/image_raw
  timeshift_cam_imu: 0.002484180673487289
cam1:
  T_cam_imu:
  - [0.9999028635491451, 0.013255846656315844, 0.004306506199226456, -0.05248158154628742]
  - [-0.013257102354212912, 0.9999120861261814, 0.00026316526753573043, 0.008760695232798018]
  - [-0.0043026391191521365, -0.0003202314980678513, 0.9999906923308827, -0.048557046667611084]
  - [0.0, 0.0, 0.0, 1.0]
  T_cn_cnm1:
  - [0.9999953042176009, -0.00022937377499767715, -0.0030559663637406455, -0.05979796248536727]
  - [0.000230471890468367, 0.999999909005292, 0.00035898762161109366, -5.759092544584468e-05]
  - [0.0030558837433179364, -0.00035969025022839814, 0.9999952660875292, -0.00022346672788201613]
  - [0.0, 0.0, 0.0, 1.0]
  cam_overlaps: [0]
  camera_model: pinhole
  distortion_coeffs: [-0.008238746907719035, 0.0031465130614748123, 0.0007175976680628223, 0.0012725440628856667]
  distortion_model: radtan
  intrinsics: [375.8643001268469, 374.9886193035275, 313.0366287466011, 186.69007884329045]
  resolution: [640, 360]
  rostopic: /mo_camera/right/image_raw
  timeshift_cam_imu: 0.0024879780180436053
