Calibration results
===================
Normalized Residuals
----------------------------
Reprojection error (cam0):     mean 0.2253063806571891, median 0.19096262612914525, std: 0.1519674920885266
Reprojection error (cam1):     mean 0.22124382034097964, median 0.19103854240528417, std: 0.14534933959978608
Gyroscope error (imu0):        mean 0.5103715561038518, median 0.32911462114624723, std: 0.5298555005550282
Accelerometer error (imu0):    mean 0.24529131441275615, median 0.1984639154935161, std: 0.18791433205956337

Residuals
----------------------------
Reprojection error (cam0) [px]:     mean 0.2253063806571891, median 0.19096262612914525, std: 0.1519674920885266
Reprojection error (cam1) [px]:     mean 0.22124382034097964, median 0.19103854240528417, std: 0.14534933959978608
Gyroscope error (imu0) [rad/s]:     mean 0.010091187565507719, median 0.006507332418544885, std: 0.010476428740532657
Accelerometer error (imu0) [m/s^2]: mean 0.019705272941548377, median 0.01594343294710948, std: 0.015095940970137691

Transformation (cam0):
-----------------------
T_ci:  (imu0 to cam0): 
[[ 0.99988196  0.01348526  0.0073624   0.00717068]
 [-0.01348491  0.99990907 -0.00009751  0.00883399]
 [-0.00736305 -0.00000178  0.99997289 -0.04835254]
 [ 0.          0.          0.          1.        ]]

T_ic:  (cam0 to imu0): 
[[ 0.99988196 -0.01348491 -0.00736305 -0.00740673]
 [ 0.01348526  0.99990907 -0.00000178 -0.00892997]
 [ 0.0073624  -0.00009751  0.99997289  0.0482993 ]
 [ 0.          0.          0.          1.        ]]

timeshift cam0 to imu0: [s] (t_imu = t_cam + shift)
0.002484180673487289


Transformation (cam1):
-----------------------
T_ci:  (imu0 to cam1): 
[[ 0.99990286  0.01325585  0.00430651 -0.05248158]
 [-0.0132571   0.99991209  0.00026317  0.0087607 ]
 [-0.00430264 -0.00032023  0.99999069 -0.04855705]
 [ 0.          0.          0.          1.        ]]

T_ic:  (cam1 to imu0): 
[[ 0.99990286 -0.0132571  -0.00430264  0.0523837 ]
 [ 0.01325585  0.99991209 -0.00032023 -0.00807979]
 [ 0.00430651  0.00026317  0.99999069  0.0487803 ]
 [ 0.          0.          0.          1.        ]]

timeshift cam1 to imu0: [s] (t_imu = t_cam + shift)
0.0024879780180436053

Baselines:
----------
Baseline (cam0 to cam1): 
[[ 0.9999953  -0.00022937 -0.00305597 -0.05979796]
 [ 0.00023047  0.99999991  0.00035899 -0.00005759]
 [ 0.00305588 -0.00035969  0.99999527 -0.00022347]
 [ 0.          0.          0.          1.        ]]
baseline norm:  0.05979840776721865 [m]


Gravity vector in target coords: [m/s^2]
[-0.03462843 -9.7957935  -0.45787933]


Calibration configuration
=========================

cam0
-----
  Camera model: pinhole
  Focal length: [375.5551795878936, 374.8480790710856]
  Principal point: [311.72578876379225, 186.62565239297726]
  Distortion model: radtan
  Distortion coefficients: [-0.0046748421060495374, -0.00278727870518264, 0.0005858090180016349, 0.0006570075987057167]
  Type: aprilgrid
  Tags: 
    Rows: 6
    Cols: 6
    Size: 0.024 [m]
    Spacing 0.0070079999999999995 [m]

cam1
-----
  Camera model: pinhole
  Focal length: [375.8643001268469, 374.9886193035275]
  Principal point: [313.0366287466011, 186.69007884329045]
  Distortion model: radtan
  Distortion coefficients: [-0.008238746907719035, 0.0031465130614748123, 0.0007175976680628223, 0.0012725440628856667]
  Type: aprilgrid
  Tags: 
    Rows: 6
    Cols: 6
    Size: 0.024 [m]
    Spacing 0.0070079999999999995 [m]



IMU configuration
=================

IMU0:
 ----------------------------
  Model: calibrated
  Update rate: 200.0
  Accelerometer:
    Noise density: 0.005680483287987158 
    Noise density (discrete): 0.0803341650670515 
    Random walk: 0.0002193456979621794
  Gyroscope:
    Noise density: 0.0013981083139249075
    Noise density (discrete): 0.01977223739219185 
    Random walk: 1.8359230204599288e-05
  T_ib (imu0 to imu0)
    [[1. 0. 0. 0.]
     [0. 1. 0. 0.]
     [0. 0. 1. 0.]
     [0. 0. 0. 1.]]
  time offset with respect to IMU0: 0.0 [s]

