cam0:
  T_cam_imu:
  - [0.99986100983272, 0.015233754890393636, 0.006774490994463118, 0.00921839256974677]
  - [-0.015233921307935827, 0.9998839567222279, -2.7038618638431777e-05, 0.008099838480752328]
  - [-0.006774116760011791, -7.616720217466681e-05, 0.9999770525070464, -0.04786966926725296]
  - [0.0, 0.0, 0.0, 1.0]
  cam_overlaps: [1]
  camera_model: pinhole
  distortion_coeffs: [0.00045950821625795373, -0.006765203966778663, 0.0014713031107604566, -0.000169565687872247]
  distortion_model: radtan
  intrinsics: [377.5003862640629, 377.4881353653814, 310.68981686031503, 187.3219769482641]
  resolution: [640, 360]
  rostopic: /mo_camera/left/image_raw
  timeshift_cam_imu: 0.002992433822854715
cam1:
  T_cam_imu:
  - [0.9998721322232015, 0.014725465764357461, 0.006235371797375605, -0.05229472447883549]
  - [-0.014723668455542299, 0.9998915451167657, -0.00033405271803088913, 0.008143351810246828]
  - [-0.006239614622718251, 0.00024220245641090374, 0.9999805040836197, -0.04792111602346001]
  - [0.0, 0.0, 0.0, 1.0]
  T_cn_cnm1:
  - [0.999999725434472, -0.0005083850030829143, -0.0005391434550646826, -0.0615348053]
  - [0.0005082176677551144, 0.9999998226633908, -0.0003104641445745978, 2.3968e-05]
  - [0.0005393011947699083, 0.0003101900571025283, 0.9999998064681542, -5.894e-05]
  - [0.0, 0.0, 0.0, 1.0]
  cam_overlaps: [0]
  camera_model: pinhole
  distortion_coeffs: [-0.0014480202468892627, -0.0021896735509530224, 0.0014095086553762635, -0.0003001238312438027]
  distortion_model: radtan
  intrinsics: [377.7045610096812, 377.7448369954101, 310.3329057466719, 187.04026553860783]
  resolution: [640, 360]
  rostopic: /mo_camera/right/image_raw
  timeshift_cam_imu: 0.0019652264488610295
