cam0:
  T_cam_imu:
  - [0.999858316495854, 0.01425424411622382, 0.008953404869247882, 0.005159707550940754]
  - [-0.014272220050897783, 0.9998962509981633, 0.0019470425361953149, 0.009155264733256773]
  - [-0.008924722342814053, -0.00207455163688475, 0.9999580219022249, -0.04403485265955515]
  - [0.0, 0.0, 0.0, 1.0]
  cam_overlaps: [1]
  camera_model: pinhole
  distortion_coeffs: [0.00045950821625795373, -0.006765203966778663, 0.0014713031107604566, -0.000169565687872247]
  distortion_model: radtan
  intrinsics: [377.5003862640629, 377.4881353653814, 310.68981686031503, 187.3219769482641]
  resolution: [640, 360]
  rostopic: /mo_camera/left/image_raw
  timeshift_cam_imu: 0.003874628797420369
cam1:
  T_cam_imu:
  - [0.9998459754614186, 0.014761286335002767, 0.00949367048829995, -0.05639422552559741]
  - [-0.014783298853358062, 0.9998881835307245, 0.0022526674500653247, 0.00914628795139785]
  - [-0.009459356670337529, -0.0023926682520445945, 0.9999523967219734, -0.04394833370245845]
  - [0.0, 0.0, 0.0, 1.0]
  T_cn_cnm1:
  - [0.999999725434472, 0.0005082176677551144, 0.0005393011947699083, -0.06153483647849995]
  - [-0.0005083850030829143, 0.9999998226633908, 0.0003101900571025283, 7.307133104823482e-06]
  - [-0.0005391434550646826, -0.0003104641445745978, 0.9999998064681542, 9.213463894037637e-05]
  - [0.0, 0.0, 0.0, 1.0]
  cam_overlaps: [0]
  camera_model: pinhole
  distortion_coeffs: [-0.0014480202468892627, -0.0021896735509530224, 0.0014095086553762635, -0.0003001238312438027]
  distortion_model: radtan
  intrinsics: [377.7045610096812, 377.7448369954101, 310.3329057466719, 187.04026553860783]
  resolution: [640, 360]
  rostopic: /mo_camera/right/image_raw
  timeshift_cam_imu: 0.003919362886454208
