cam0:
  T_cam_imu:
  - [0.9998683769278631, 0.01354216993884371, 0.008935236593856163, 0.0064348607294376]
  - [-0.013540437833342446, 0.9999082917270735, -0.00025432012754553044, 0.011908307987564655]
  - [-0.008937861205126041, 0.00013329963752372074, 0.9999600476360466, -0.041949539094921016]
  - [0.0, 0.0, 0.0, 1.0]
  cam_overlaps: [1]
  camera_model: pinhole
  distortion_coeffs: [0.00045950821625795373, -0.006765203966778663, 0.0014713031107604566, -0.000169565687872247]
  distortion_model: radtan
  intrinsics: [377.5003862640629, 377.4881353653814, 310.68981686031503, 187.3219769482641]
  resolution: [640, 360]
  rostopic: /mo_camera/left/image_raw
  timeshift_cam_imu: 0.0035578280118244527
cam1:
  T_cam_imu:
  - [0.9998564007095138, 0.014050409169275014, 0.009474384538978439, -0.05511654893989486]
  - [-0.014051525955691715, 0.9999012711188456, 5.131504154789679e-05, 0.011899329292271492]
  - [-0.009472728146262993, -0.00018443723300799904, 0.9999551156948867, -0.041864562753108216]
  - [0.0, 0.0, 0.0, 1.0]
  T_cn_cnm1:
  - [0.999999725434472, 0.0005082176677551144, 0.0005393011947699083, -0.06153483647849995]
  - [-0.0005083850030829143, 0.9999998226633908, 0.0003101900571025283, 7.307133104823482e-06]
  - [-0.0005391434550646826, -0.0003104641445745978, 0.9999998064681542, 9.213463894037637e-05]
  - [0.0, 0.0, 0.0, 1.0]
  cam_overlaps: [0]
  camera_model: pinhole
  distortion_coeffs: [-0.0014480202468892627, -0.0021896735509530224, 0.0014095086553762635, -0.0003001238312438027]
  distortion_model: radtan
  intrinsics: [377.7045610096812, 377.7448369954101, 310.3329057466719, 187.04026553860783]
  resolution: [640, 360]
  rostopic: /mo_camera/right/image_raw
  timeshift_cam_imu: 0.0034804823304532655
