cam0:
  cam_overlaps: [1]
  camera_model: pinhole
  distortion_coeffs: [-0.0046748421060495374, -0.00278727870518264, 0.0005858090180016349, 0.0006570075987057167]
  distortion_model: radtan
  intrinsics: [375.5551795878936, 374.8480790710856, 311.72578876379225, 186.62565239297726]
  resolution: [640, 360]
  rostopic: /mo_camera/left/image_raw
cam1:
  T_cn_cnm1:
  - [0.9999953042175993, -0.00022937377499767717, -0.0030559663637406455, -0.05979796248536727]
  - [0.00023047189046836704, 0.9999999090052905, 0.00035898762161109366, -5.759092544584468e-05]
  - [0.0030558837433179364, -0.00035969025022839814, 0.9999952660875276, -0.00022346672788201613]
  - [0.0, 0.0, 0.0, 1.0]
  cam_overlaps: [0]
  camera_model: pinhole
  distortion_coeffs: [-0.008238746907719035, 0.0031465130614748123, 0.0007175976680628223, 0.0012725440628856667]
  distortion_model: radtan
  intrinsics: [375.8643001268469, 374.9886193035275, 313.0366287466011, 186.69007884329045]
  resolution: [640, 360]
  rostopic: /mo_camera/right/image_raw
