cam0:
  cam_overlaps: [1]
  camera_model: pinhole
  distortion_coeffs: [-0.0027638661296366445, 0.001283211267397933, 0.001034063512626761, -8.257593835913656e-05]
  distortion_model: radtan
  intrinsics: [378.0717896872688, 377.34606254414973, 311.1104772359558, 186.4457379362351]
  resolution: [640, 360]
  rostopic: /mo_camera/left/image_raw
cam1:
  T_cn_cnm1:
  - [0.9999991482456222, -0.0004270428126112436, -0.0012333460442399084, -0.059810351027844294]
  - [0.00042742889115928383, 0.9999998597344646, 0.0003127868166452402, -6.610039344232042e-05]
  - [0.001233212297882038, -0.00031331371795980523, 0.9999991905106429, -0.000127046898492737]
  - [0.0, 0.0, 0.0, 1.0]
  cam_overlaps: [0]
  camera_model: pinhole
  distortion_coeffs: [-0.005305309897790635, 0.0034451759920835433, 0.0009314718802899235, 0.0005073188142804918]
  distortion_model: radtan
  intrinsics: [378.2647206467651, 377.4223950898505, 311.7205920577625, 186.53559040181662]
  resolution: [640, 360]
  rostopic: /mo_camera/right/image_raw
