cam0:
  T_cam_imu:
  - [0.9997859696577677, 0.020407964272570578, 0.003395566186560026, 0.005370424279651547]
  - [-0.02044479834095858, 0.999728340756744, 0.011191733939191761, 0.008070011015290385]
  - [-0.003166243243240218, -0.011258760234484178, 0.9999316052719344, -0.052697068099468156]
  - [0.0, 0.0, 0.0, 1.0]
  cam_overlaps: [1]
  camera_model: pinhole
  distortion_coeffs: [-0.01183535, 0.00153516, -4.938e-05, -0.00115652]
  distortion_model: radtan
  intrinsics: [369.92651338, 370.28325835, 309.3031603, 185.00878689]
  resolution: [640, 360]
  rostopic: /mo_camera/left/image_raw
  timeshift_cam_imu: 0.003270501098575629
cam1:
  T_cam_imu:
  - [0.9997536537928244, 0.020430589649772977, 0.008673104084447575, -0.05512268972274248]
  - [-0.020532097339765597, 0.9997197856066752, 0.011780630092380449, 0.007945610032675387]
  - [-0.008429988536615116, -0.01195580499613885, 0.9998929912846507, -0.05343576346952999]
  - [0.0, 0.0, 0.0, 1.0]
  T_cn_cnm1:
  - [0.9999861107839928, 8.234472526849821e-05, 0.005277024727600905, -0.06021562]
  - [-8.545527473150178e-05, 0.9999998605192627, 0.0005892286282976112, -9.289e-05]
  - [-0.005276975272399096, -0.0005896713717023886, 0.9999859405767529, -0.00070634]
  - [0.0, 0.0, 0.0, 1.0]
  cam_overlaps: [0]
  camera_model: pinhole
  distortion_coeffs: [-0.01086885, -0.00150152, -0.00013315, -4.777e-05]
  distortion_model: radtan
  intrinsics: [369.29576104, 369.68653594, 310.98798053, 185.41138364]
  resolution: [640, 360]
  rostopic: /mo_camera/right/image_raw
  timeshift_cam_imu: 0.0045606660716590525
