cam0:
  cam_overlaps: [1]
  camera_model: pinhole
  distortion_coeffs: [0.00045950821625795373, -0.006765203966778663, 0.0014713031107604566, -0.000169565687872247]
  distortion_model: radtan
  intrinsics: [377.5003862640629, 377.4881353653814, 310.68981686031503, 187.3219769482641]
  resolution: [640, 360]
  rostopic: /mo_camera/left/image_raw
cam1:
  T_cn_cnm1:
  - [0.9999997254344702, -0.0005083850030829143, -0.0005391434550646827, -0.0615348053]
  - [0.0005082176677551144, 0.999999822663389, -0.0003104641445745978, 0.000023968]
  - [0.0005393011947699084, 0.0003101900571025283, 0.9999998064681525, -0.00005894]
  - [0.0,0.0,0.0,1.0]
  cam_overlaps: [0]
  camera_model: pinhole
  distortion_coeffs: [-0.0014480202468892627, -0.0021896735509530224, 0.0014095086553762635, -0.0003001238312438027]
  distortion_model: radtan
  intrinsics: [377.7045610096812, 377.7448369954101, 310.3329057466719, 187.04026553860783]
  resolution: [640, 360]
  rostopic: /mo_camera/right/image_raw
