Calibration results
===================
Normalized Residuals
----------------------------
Reprojection error (cam0):     mean 0.22373719342713325, median 0.18917960566048264, std: 0.15216373436713465
Reprojection error (cam1):     mean 0.2233309195954387, median 0.193486947714038, std: 0.14588358670953014
Gyroscope error (imu0):        mean 0.5070507999832132, median 0.3261656567598354, std: 0.5286934712088468
Accelerometer error (imu0):    mean 0.24486794070940016, median 0.19651548538563143, std: 0.1877766846393774

Residuals
----------------------------
Reprojection error (cam0) [px]:     mean 0.22373719342713325, median 0.18917960566048264, std: 0.15216373436713465
Reprojection error (cam1) [px]:     mean 0.2233309195954387, median 0.193486947714038, std: 0.14588358670953014
Gyroscope error (imu0) [rad/s]:     mean 0.01002552878716888, median 0.00644902479463563, std: 0.010453452820443267
Accelerometer error (imu0) [m/s^2]: mean 0.019671261568577934, median 0.01578690744120106, std: 0.015084883179563418

Transformation (cam0):
-----------------------
T_ci:  (imu0 to cam0): 
[[ 0.99988194  0.01244991  0.00900607  0.00711813]
 [-0.01245227  0.99992245  0.00020673  0.00915167]
 [-0.0090028  -0.00031885  0.99995942 -0.04635399]
 [ 0.          0.          0.          1.        ]]

T_ic:  (cam0 to imu0): 
[[ 0.99988194 -0.01245227 -0.0090028  -0.00742065]
 [ 0.01244991  0.99992245 -0.00031885 -0.00925436]
 [ 0.00900607  0.00020673  0.99995942  0.04628611]
 [ 0.          0.          0.          1.        ]]

timeshift cam0 to imu0: [s] (t_imu = t_cam + shift)
0.0024794615630974125


Transformation (cam1):
-----------------------
T_ci:  (imu0 to cam1): 
[[ 0.99989751  0.01202328  0.00777268 -0.05263897]
 [-0.01202771  0.99992753  0.00052336  0.00907411]
 [-0.00776582 -0.00061679  0.99996966 -0.04647509]
 [ 0.          0.          0.          1.        ]]

T_ic:  (cam1 to imu0): 
[[ 0.99989751 -0.01202771 -0.00776582  0.05238179]
 [ 0.01202328  0.99992753 -0.00061679 -0.00846923]
 [ 0.00777268  0.00052336  0.99996966  0.04687808]
 [ 0.          0.          0.          1.        ]]

timeshift cam1 to imu0: [s] (t_imu = t_cam + shift)
0.0024871017172361657

Baselines:
----------
Baseline (cam0 to cam1): 
[[ 0.99999915 -0.00042704 -0.00123335 -0.05981035]
 [ 0.00042743  0.99999986  0.00031279 -0.0000661 ]
 [ 0.00123321 -0.00031331  0.99999919 -0.00012705]
 [ 0.          0.          0.          1.        ]]
baseline norm:  0.05981052248768928 [m]


Gravity vector in target coords: [m/s^2]
[-0.04498388 -9.79599054 -0.45273466]


Calibration configuration
=========================

cam0
-----
  Camera model: pinhole
  Focal length: [378.0717896872688, 377.34606254414973]
  Principal point: [311.1104772359558, 186.4457379362351]
  Distortion model: radtan
  Distortion coefficients: [-0.0027638661296366445, 0.001283211267397933, 0.001034063512626761, -8.257593835913656e-05]
  Type: aprilgrid
  Tags: 
    Rows: 6
    Cols: 6
    Size: 0.024 [m]
    Spacing 0.0070079999999999995 [m]

cam1
-----
  Camera model: pinhole
  Focal length: [378.2647206467651, 377.4223950898505]
  Principal point: [311.7205920577625, 186.53559040181662]
  Distortion model: radtan
  Distortion coefficients: [-0.005305309897790635, 0.0034451759920835433, 0.0009314718802899235, 0.0005073188142804918]
  Type: aprilgrid
  Tags: 
    Rows: 6
    Cols: 6
    Size: 0.024 [m]
    Spacing 0.0070079999999999995 [m]



IMU configuration
=================

IMU0:
 ----------------------------
  Model: calibrated
  Update rate: 200.0
  Accelerometer:
    Noise density: 0.005680483287987158 
    Noise density (discrete): 0.0803341650670515 
    Random walk: 0.0002193456979621794
  Gyroscope:
    Noise density: 0.0013981083139249075
    Noise density (discrete): 0.01977223739219185 
    Random walk: 1.8359230204599288e-05
  T_ib (imu0 to imu0)
    [[1. 0. 0. 0.]
     [0. 1. 0. 0.]
     [0. 0. 1. 0.]
     [0. 0. 0. 1.]]
  time offset with respect to IMU0: 0.0 [s]

