cam0:
  T_cam_imu:
  - [0.99988193825245, 0.012449908071725257, 0.00900607270283362, 0.007118129275320688]
  - [-0.012452274509761867, 0.999922446053472, 0.00020673164800261162, 0.009151670612459008]
  - [-0.00900280045633965, -0.0003188533304535319, 0.9999594231350072, -0.04635399219747399]
  - [0.0, 0.0, 0.0, 1.0]
  cam_overlaps: [1]
  camera_model: pinhole
  distortion_coeffs: [-0.0027638661296366445, 0.001283211267397933, 0.001034063512626761, -8.257593835913656e-05]
  distortion_model: radtan
  intrinsics: [378.0717896872688, 377.34606254414973, 311.1104772359558, 186.4457379362351]
  resolution: [640, 360]
  rostopic: /mo_camera/left/image_raw
  timeshift_cam_imu: 0.0024794615630974125
cam1:
  T_cam_imu:
  - [0.9998975078212928, 0.012023281030199586, 0.0077726807496833784, -0.05263896545766833]
  - [-0.012027710292275121, 0.9999275275160998, 0.0005233551994111685, 0.009074112511797749]
  - [-0.007765824997561748, -0.0006167891118480786, 0.9999696553062493, -0.04647509075228831]
  - [0.0, 0.0, 0.0, 1.0]
  T_cn_cnm1:
  - [0.9999991482456226, -0.0004270428126112436, -0.0012333460442399081, -0.059810351027844294]
  - [0.00042742889115928383, 0.999999859734465, 0.00031278681664524016, -6.610039344232042e-05]
  - [0.0012332122978820379, -0.0003133137179598052, 0.9999991905106433, -0.000127046898492737]
  - [0.0, 0.0, 0.0, 1.0]
  cam_overlaps: [0]
  camera_model: pinhole
  distortion_coeffs: [-0.005305309897790635, 0.0034451759920835433, 0.0009314718802899235, 0.0005073188142804918]
  distortion_model: radtan
  intrinsics: [378.2647206467651, 377.4223950898505, 311.7205920577625, 186.53559040181662]
  resolution: [640, 360]
  rostopic: /mo_camera/right/image_raw
  timeshift_cam_imu: 0.0024871017172361657
