cam0:
  T_cam_imu:
  - [0.9998921715946706, 0.010793290710002805, 0.009957412281475831, 0.007069213481070128]
  - [-0.010794941853199935, 0.9999417266354771, 0.00011208767537915373, 0.010915376574326395]
  - [-0.009955622234694872, -0.00021956527573073102, 0.9999504174592908, -0.05566151902810138]
  - [0.0, 0.0, 0.0, 1.0]
  cam_overlaps: [1]
  camera_model: pinhole
  distortion_coeffs: [0.00045950821625795373, -0.006765203966778663, 0.0014713031107604566, -0.000169565687872247]
  distortion_model: radtan
  intrinsics: [377.5003862640629, 377.4881353653814, 310.68981686031503, 187.3219769482641]
  resolution: [640, 360]
  rostopic: /mo_camera/left/image_raw
  timeshift_cam_imu: 0.0011566855174279184
cam1:
  T_cam_imu:
  - [0.9999027525538668, 0.010285050745940322, 0.009418235840858123, -0.054441133429962624]
  - [-0.01028368620766633, 0.9999471028173814, -0.00019330056262503785, 0.01096021624370954]
  - [-0.00941972574881272, 9.642758262180508e-05, 0.9999556287498653, -0.05571324997926566]
  - [0.0, 0.0, 0.0, 1.0]
  T_cn_cnm1:
  - [0.999999725434472, -0.0005083850030829143, -0.0005391434550646826, -0.0615348053]
  - [0.0005082176677551144, 0.9999998226633908, -0.0003104641445745978, 2.3968e-05]
  - [0.0005393011947699083, 0.0003101900571025283, 0.9999998064681542, -5.894e-05]
  - [0.0, 0.0, 0.0, 1.0]
  cam_overlaps: [0]
  camera_model: pinhole
  distortion_coeffs: [-0.0014480202468892627, -0.0021896735509530224, 0.0014095086553762635, -0.0003001238312438027]
  distortion_model: radtan
  intrinsics: [377.7045610096812, 377.7448369954101, 310.3329057466719, 187.04026553860783]
  resolution: [640, 360]
  rostopic: /mo_camera/right/image_raw
  timeshift_cam_imu: 0.008954699708967456
