Calibration results
===================
Normalized Residuals
----------------------------
Reprojection error (cam0):     mean 0.200380427158446, median 0.17345376459938863, std: 0.13697679313139907
Reprojection error (cam1):     mean 0.19702905414891328, median 0.17104045866469142, std: 0.1326347604133611
Gyroscope error (imu0):        mean 0.5102503680867866, median 0.31968183708126335, std: 0.5704051171325945
Accelerometer error (imu0):    mean 0.2443898738741182, median 0.1783703112634777, std: 0.21300232985260822

Residuals
----------------------------
Reprojection error (cam0) [px]:     mean 0.200380427158446, median 0.17345376459938863, std: 0.13697679313139907
Reprojection error (cam1) [px]:     mean 0.19702905414891328, median 0.17104045866469142, std: 0.1326347604133611
Gyroscope error (imu0) [rad/s]:     mean 0.010088791407265218, median 0.00632082517274274, std: 0.011278185385666656
Accelerometer error (imu0) [m/s^2]: mean 0.019632856468519304, median 0.014329230028101572, std: 0.017111364326045982

Transformation (cam0):
-----------------------
T_ci:  (imu0 to cam0): 
[[ 0.99990823  0.01229202  0.00569468  0.0017168 ]
 [-0.01229831  0.9999238   0.00107136  0.00836167]
 [-0.00568108 -0.0011413   0.99998321 -0.04197763]
 [ 0.          0.          0.          1.        ]]

T_ic:  (cam0 to imu0): 
[[ 0.99990823 -0.01229831 -0.00568108 -0.00185229]
 [ 0.01229202  0.9999238  -0.0011413  -0.00843005]
 [ 0.00569468  0.00107136  0.99998321  0.04195819]
 [ 0.          0.          0.          1.        ]]

timeshift cam0 to imu0: [s] (t_imu = t_cam + shift)
0.001943869597320972


Transformation (cam1):
-----------------------
T_ci:  (imu0 to cam1): 
[[ 0.99991964  0.01186641  0.00446089 -0.05804535]
 [-0.0118727   0.99992856  0.00138658  0.00828317]
 [-0.00444412 -0.00143943  0.99998909 -0.04210515]
 [ 0.          0.          0.          1.        ]]

T_ic:  (cam1 to imu0): 
[[ 0.99991964 -0.0118727  -0.00444412  0.05795191]
 [ 0.01186641  0.99992856 -0.00143943 -0.0076544 ]
 [ 0.00446089  0.00138658  0.99998909  0.04235214]
 [ 0.          0.          0.          1.        ]]

timeshift cam1 to imu0: [s] (t_imu = t_cam + shift)
0.0019588231784248046

Baselines:
----------
Baseline (cam0 to cam1): 
[[ 0.99999915 -0.00042704 -0.00123335 -0.05981035]
 [ 0.00042743  0.99999986  0.00031279 -0.0000661 ]
 [ 0.00123321 -0.00031331  0.99999919 -0.00012705]
 [ 0.          0.          0.          1.        ]]
baseline norm:  0.05981052248768928 [m]


Gravity vector in target coords: [m/s^2]
[-0.04604305 -9.79824097 -0.40096994]


Calibration configuration
=========================

cam0
-----
  Camera model: pinhole
  Focal length: [378.0717896872688, 377.34606254414973]
  Principal point: [311.1104772359558, 186.4457379362351]
  Distortion model: radtan
  Distortion coefficients: [-0.0027638661296366445, 0.001283211267397933, 0.001034063512626761, -8.257593835913656e-05]
  Type: aprilgrid
  Tags: 
    Rows: 6
    Cols: 6
    Size: 0.024 [m]
    Spacing 0.0070079999999999995 [m]

cam1
-----
  Camera model: pinhole
  Focal length: [378.2647206467651, 377.4223950898505]
  Principal point: [311.7205920577625, 186.53559040181662]
  Distortion model: radtan
  Distortion coefficients: [-0.005305309897790635, 0.0034451759920835433, 0.0009314718802899235, 0.0005073188142804918]
  Type: aprilgrid
  Tags: 
    Rows: 6
    Cols: 6
    Size: 0.024 [m]
    Spacing 0.0070079999999999995 [m]



IMU configuration
=================

IMU0:
 ----------------------------
  Model: calibrated
  Update rate: 200.0
  Accelerometer:
    Noise density: 0.005680483287987158 
    Noise density (discrete): 0.0803341650670515 
    Random walk: 0.0002193456979621794
  Gyroscope:
    Noise density: 0.0013981083139249075
    Noise density (discrete): 0.01977223739219185 
    Random walk: 1.8359230204599288e-05
  T_ib (imu0 to imu0)
    [[1. 0. 0. 0.]
     [0. 1. 0. 0.]
     [0. 0. 1. 0.]
     [0. 0. 0. 1.]]
  time offset with respect to IMU0: 0.0 [s]

