cam0:
  T_cam_imu:
  - [0.999908234219382, 0.012292019050616236, 0.005694682426395321, 0.0017168003827017701]
  - [-0.012298312010784853, 0.9999237989503353, 0.0010713610108509294, 0.008361671249907889]
  - [-0.005681079295661454, -0.0011412976778535874, 0.9999832112478928, -0.041977632044706795]
  - [0.0, 0.0, 0.0, 1.0]
  cam_overlaps: [1]
  camera_model: pinhole
  distortion_coeffs: [-0.0027638661296366445, 0.001283211267397933, 0.001034063512626761, -8.257593835913656e-05]
  distortion_model: radtan
  intrinsics: [378.0717896872688, 377.34606254414973, 311.1104772359558, 186.4457379362351]
  resolution: [640, 360]
  rostopic: /mo_camera/left/image_raw
  timeshift_cam_imu: 0.001943869597320972
cam1:
  T_cam_imu:
  - [0.9999196411855943, 0.011866405924310814, 0.004460894721006333, -0.05804534995261456]
  - [-0.01187269758465011, 0.9999285556766941, 0.0013865764977158352, 0.008283173443797632]
  - [-0.0044441223358346466, -0.0014394279280518663, 0.9999890888524255, -0.0421051476097159]
  - [0.0, 0.0, 0.0, 1.0]
  T_cn_cnm1:
  - [0.9999991482456226, -0.0004270428126112436, -0.0012333460442399081, -0.059810351027844294]
  - [0.00042742889115928383, 0.999999859734465, 0.00031278681664524016, -6.610039344232042e-05]
  - [0.0012332122978820379, -0.0003133137179598052, 0.9999991905106433, -0.000127046898492737]
  - [0.0, 0.0, 0.0, 1.0]
  cam_overlaps: [0]
  camera_model: pinhole
  distortion_coeffs: [-0.005305309897790635, 0.0034451759920835433, 0.0009314718802899235, 0.0005073188142804918]
  distortion_model: radtan
  intrinsics: [378.2647206467651, 377.4223950898505, 311.7205920577625, 186.53559040181662]
  resolution: [640, 360]
  rostopic: /mo_camera/right/image_raw
  timeshift_cam_imu: 0.0019588231784248046
