# oST version 5.0 parameters


[image]

width
640

height
360

[narrow_stereo/left]

camera matrix
662.975989 0.000000 538.069450
0.000000 656.146131 357.357752
0.000000 0.000000 1.000000

distortion
0.005977 -0.028316 -0.001539 -0.040968 0.000000

rectification
0.998154 0.005004 -0.060520
-0.004717 0.999977 0.004887
0.060543 -0.004592 0.998155

projection
1068.443559 0.000000 564.800553 0.000000
0.000000 1068.443559 351.236968 0.000000
0.000000 0.000000 1.000000 0.000000
# oST version 5.0 parameters


[image]

width
640

height
360

[narrow_stereo/right]

camera matrix
675.475792 0.000000 490.867312
0.000000 671.841026 342.560145
0.000000 0.000000 1.000000

distortion
-0.043781 -0.011071 -0.004024 -0.068025 0.000000

rectification
0.992166 0.002879 -0.124896
-0.003472 0.999984 -0.004533
0.124881 0.004931 0.992159

projection
1068.443559 0.000000 564.800553 -64.083189
0.000000 1068.443559 351.236968 0.000000
0.000000 0.000000 1.000000 0.000000
